angle_min: -0.478772908449173
angle_max: 0.481731116771698
angle_increment: 0.0015031362418085337
range_min: 0.44999998807907104
range_max: 10.0
